Dub! 75 1
1 683.8 634 1 3 40 3 100 0 0 15 75 0.3 23.7897 6.79167 0 0 0
1 698 634 1 3 40 3 100 0 0 15 0 0.3 23.7902 6.77516 0 0 0
5 680 230 1 0 0 0 0 0 1 0 60 50 3 1 
5 250 450 1 0 0 0 0 0 1 0 60 50 3 1 
5 1000 450 1 0 0 0 0 0 1 0 60 50 3 1 
5 650 450 1 0 0 0 0 0 1 0 60 50 3 1 
6 60 197 1 0 0 0 0 0 1 0 47 55 0 150
4 231.619 204 1 1 40 1 30 0 1 10 7 0 140 200 1 1.60719 2.7324 200
4 152 424 1 1 40 1 30 0 0 10 7 1 100 430 1 1.60772 2.73293 200
2 802.083 389.07 0 -19.7384 18.0642 20 -70 1 0 10 5 3 400 250 2 1.6083 1.13304 150 1.5
2 1093.02 389.067 0 -19.7384 18.0596 20 -70 1 0 10 5 1 300 250 2 1.60884 1.13358 150 1.5
2 367.425 189.051 0 20.2616 18.0387 20 -70 1 1 10 5 2 200 250 2 1.60937 1.13411 150 1.5
7 400 574.598 1 0 1.86475 0 0 0 1 0 200 20 90 5 588 572.733 1 4.47508
7 760 480 1 0 0 0 0 0 1 0 220 20 100 5 380 480 0 23.7667
7 1150 480 1 0 0 0 0 0 1 0 110 20 180 5 300 480 0 23.7669
9 1100 670 1 0 0 0 0 0 1 0 30 50 0
9 1030 120 1 0 0 0 0 0 1 0 30 50 0
9 40 470 1 0 0 0 0 0 1 0 30 50 0
