Flavinho 15 1
1 481 612 1 3 40 3 100 0 0 15 15 0.3 14.9273 1.5139 0 0 0
5 250 450 1 0 0 0 0 0 1 0 60 50 3 1 
5 680 230 1 0 0 0 0 0 1 0 60 50 3 1 
5 800 650 1 0 0 0 0 0 1 0 60 50 3 1 
5 1000 450 1 0 0 0 0 0 1 0 60 50 3 1 
5 650 450 1 0 0 0 0 0 1 0 60 50 3 1 
7 400 678 1 0 0 0 0 0 1 0 200 20 90 5 588 588 0 18.9313
7 760 480 1 0 0 0 0 0 1 0 220 20 100 5 380 380 0 18.9313
9 1100 670 1 0 0 0 0 0 1 0 30 50 0
9 1030 120 1 0 0 0 0 0 1 0 30 50 0
6 60 197 1 0 0 0 0 0 1 0 47 55 0 150
4 976 624 1 1 40 1 -70 0 0 10 7 1 950 630 1 1.92737 1.94308 200
4 143.659 204 1 1 40 1 -70 0 1 10 7 2 140 200 1 1.92763 1.94333 200
4 369 424 1 1 40 1 -70 0 1 8 7 2 100 430 1 1.25533 1.94359 200
2 272.094 256 1 20.4903 40 20 -70 1 1 10 5 2 400 250 2 1.94383 1.94384 150 1.5
2 1228.5 476 1 20.4903 40 20 -70 1 1 10 5 0 1190 180 2 1.94425 1.94426 150 1.5
2 272.05 233.29 1 20.4903 40 20 -70 1 1 10 5 2 200 250 2 1.94457 1.94457 150 1.5
2 306.009 256 1 -19.5097 40 20 -70 1 0 10 5 1 300 250 2 1.94485 1.94487 150 1.5
