Joao 15 1
1 652 634 1 3 40 3 100 0 0 15 15 0.3 12.421 1.36406 0 0 0
5 250 450 1 0 0 0 0 0 1 0 60 50 3 1 
5 680 230 1 0 0 0 0 0 1 0 60 50 3 1 
5 800 650 1 0 0 0 0 0 1 0 60 50 3 1 
5 1000 450 1 0 0 0 0 0 1 0 60 50 3 1 
5 650 450 1 0 0 0 0 0 1 0 60 50 3 1 
7 400 678 1 0 0 0 0 0 1 0 200 20 90 5 588 588 0 32.1343
7 760 480 1 0 0 0 0 0 1 0 220 20 100 5 380 380 0 32.1342
9 1100 670 1 0 0 0 0 0 1 0 30 50 0
9 1030 120 1 0 0 0 0 0 1 0 30 50 0
6 60 197 1 0 0 0 0 0 1 0 47 55 0 150
4 1024 624 1 1 40 1 -70 0 1 10 7 0 950 630 1 1.57913 3.6005 200
4 161.659 204 1 1 40 1 -70 0 0 10 7 1 140 200 1 1.57942 3.60079 200
4 519 602 1 1 40 1 -70 0 1 6 7 2 100 430 1 3.51848 3.60109 200
2 191.315 180.657 1 -19.5107 40 20 -70 1 0 10 5 3 400 250 2 1.59643 2.07141 150 1.5
2 1038.19 476 1 -19.5107 40 20 -70 1 0 10 5 1 1190 180 2 1.59681 2.0718 150 1.5
2 119.122 256 1 20.4893 40 20 -70 1 1 10 5 2 200 250 2 1.59711 2.07209 150 1.5
2 508.291 256 1 -19.5107 40 20 -70 1 1 10 5 0 300 250 2 1.59737 2.07236 150 1.5
