Jogador 0 1
1 253 634 1 3 40 3 100 0 1 15 0 0.3 6.73146 1.71704 0 0 0
1 451 612 1 3 40 3 100 0 1 15 0 0.3 6.73179 1.61828 0 0 0
5 800 650 1 0 0 0 0 0 1 0 60 50 3 1 
5 250 450 1 0 0 0 0 0 1 0 60 50 3 1 
5 1000 450 1 0 0 0 0 0 1 0 60 50 3 1 
5 680 230 1 0 0 0 0 0 1 0 60 50 3 1 
6 60 197 1 0 0 0 0 0 1 0 47 55 0 150
4 1053 424 1 1 40 1 30 0 0 10 7 3 1150 430 1 1.66948 3.71749 200
4 850 624 1 1 40 1 30 0 1 10 7 0 950 630 1 1.66978 3.71778 200
4 65.0678 204 1 1 40 1 30 0 0 10 7 3 140 200 1 1.67005 3.71806 200
2 1220.04 456 1 20.488 40 20 -70 1 1 10 5 2 1090 240 2 1.67044 2.21074 150 1.5
2 349.57 256 1 20.488 40 20 -70 1 1 10 5 0 200 250 2 1.6707 2.211 150 1.5
2 244.788 256 1 -19.512 40 20 -70 1 0 10 5 1 300 250 2 1.67097 2.21127 150 1.5
7 400 678 1 0 0 0 0 0 1 0 200 20 90 5 588 678 0 6.72289
7 760 480 1 0 0 0 0 0 1 0 220 20 100 5 380 480 0 6.72265
7 1150 480 1 0 0 0 0 0 1 0 110 20 180 5 300 480 0 6.72251
9 1100 670 1 0 0 0 0 0 1 0 30 50 0
9 1030 120 1 0 0 0 0 0 1 0 30 50 0
9 40 470 1 0 0 0 0 0 1 0 30 50 0
10 356.071 610.012 0 80.1287 -1.38256 80 -40 1 1 1 1 2 
10 478.529 600.38 0 80.0344 -29.6794 80 -40 1 1 1 1 2 
