Manoel 55 1
1 359 634 1 3 40 3 100 0 1 5 55 0.3 30.8463 4.69223 0 0 0
5 250 450 1 0 0 0 0 0 1 0 60 50 3 1 
5 680 230 1 0 0 0 0 0 1 0 60 50 3 1 
5 1000 450 1 0 0 0 0 0 1 0 60 50 3 1 
7 400 543.393 1 0 -1.68591 0 0 0 1 0 200 20 90 5 588 545.079 1 108.015
7 760 480 1 0 0 0 0 0 1 0 220 20 100 5 380 380 0 108.015
9 1100 670 1 0 0 0 0 0 1 0 30 50 0
9 1030 120 1 0 0 0 0 0 1 0 30 50 0
6 60 197 1 0 0 0 0 0 1 0 47 55 0 150
4 897.966 404 1 1 40 1 -70 0 1 10 7 2 140 200 1 2.02307 2.9236 200
2 1228.5 476 1 20.4558 40 20 -70 1 0 10 5 3 400 250 2 1.63508 2.81002 150 1.5
2 1102.33 470.772 0 -19.5793 40 20 -70 1 0 10 5 1 1190 180 2 1.63534 1.71787 150 1
2 112.258 256 1 20.4558 40 20 -70 1 1 10 5 2 200 250 2 1.63561 2.81055 150 1.5
