Mat_Pasqualotto 15 1
1 754 634 1 3 40 3 100 0 1 15 15 0.3 6.73772 1.6624 0 0 0
5 680 230 1 0 0 0 0 0 1 0 60 50 3 1 
5 650 450 1 0 0 0 0 0 1 0 60 50 3 1 
5 1000 450 1 0 0 0 0 0 1 0 60 50 3 1 
5 250 450 1 0 0 0 0 0 1 0 60 50 3 1 
6 60 197 1 0 0 0 0 0 1 0 47 55 0 150
4 146 204 1 1 40 1 30 0 0 10 7 1 140 200 1 1.7023 3.72204 200
4 1024 624 1 1 40 1 30 0 1 8 7 0 950 630 1 1.7029 3.72264 200
4 106 424 1 1 40 1 30 0 0 10 7 1 100 430 1 1.70352 3.72327 200
2 1228.5 456 1 20.462 40 20 -70 1 1 10 5 0 1090 240 2 1.70411 2.19232 150 1.5
2 537.803 256 1 20.462 40 20 -70 1 1 10 5 0 400 250 2 1.70471 2.19292 150 1.5
2 420.335 256 1 20.462 40 20 -70 1 0 10 5 3 300 250 2 1.70549 2.19371 150 1.5
7 400 678 1 0 0 0 0 0 1 0 200 20 90 5 588 678 0 6.71568
7 760 480 1 0 0 0 0 0 1 0 220 20 100 5 380 480 0 6.71574
7 1150 480 1 0 0 0 0 0 1 0 110 20 180 5 300 480 0 6.71588
9 1100 670 1 0 0 0 0 0 1 0 30 50 0
9 1030 120 1 0 0 0 0 0 1 0 30 50 0
9 40 470 1 0 0 0 0 0 1 0 30 50 0
