Meneghello 75 1
1 853 634 1 3 40 3 100 0 0 15 75 0.3 18.3812 1.49346 0 0 0
5 250 450 1 0 0 0 0 0 1 0 60 50 3 1 
5 680 230 1 0 0 0 0 0 1 0 60 50 3 1 
5 1000 450 1 0 0 0 0 0 1 0 60 50 3 1 
5 650 450 1 0 0 0 0 0 1 0 60 50 3 1 
7 400 678 1 0 0 0 0 0 1 0 200 20 90 5 588 588 0 51.0642
7 760 480 1 0 0 0 0 0 1 0 220 20 100 5 380 380 0 51.0642
9 1100 670 1 0 0 0 0 0 1 0 30 50 0
9 1030 120 1 0 0 0 0 0 1 0 30 50 0
6 60 197 1 0 0 0 0 0 1 0 47 55 0 150
4 1018 624 1 1 40 1 -70 0 0 6 7 3 950 630 1 2.8784 2.89625 200
4 273.34 204 1 1 40 1 -70 0 1 10 7 0 140 200 1 1.8925 2.94531 200
2 232.436 256 1 20.4898 40 20 -70 1 1 10 5 2 400 250 2 1.90896 1.39939 150 1.5
2 1045.56 476 1 20.4898 40 20 -70 1 1 10 5 0 1190 180 2 1.90946 1.39989 150 1.5
2 170.795 256 1 -19.5102 40 20 -70 1 0 10 5 1 200 250 2 1.90981 1.40025 150 1.5
2 712.273 256 1 20.4898 40 20 -70 1 1 10 5 2 300 250 2 1.91011 1.40055 150 1.5
