Moretto 75 1
1 853 634 1 3 40 3 100 0 0 15 75 0.3 13.2214 4.9658 0 0 0
5 250 450 1 0 0 0 0 0 1 0 60 50 3 1 
5 650 450 1 0 0 0 0 0 1 0 60 50 3 1 
5 1000 450 1 0 0 0 0 0 1 0 60 50 3 1 
6 60 197 1 0 0 0 0 0 1 0 47 55 0 150
4 1074 424 1 1 40 1 30 0 1 10 7 2 1150 430 1 2.08393 4.1488 200
4 358 602 1 1 40 1 30 0 1 10 7 2 100 430 1 2.03404 4.14936 200
4 193.371 204 1 1 40 1 30 0 0 10 7 1 140 200 1 2.08502 4.1499 200
2 415.252 256 1 -19.5045 40 20 -70 1 0 10 5 1 300 250 2 2.08555 2.61387 150 1.5
2 1228.5 456 1 20.4955 40 20 -70 1 0 10 5 3 1090 240 2 2.08615 2.61446 150 1.5
2 623.384 236 1 -19.5045 40 20 -70 1 0 10 5 1 400 250 2 2.087 2.61532 150 1.5
2 313.275 256 1 -19.5045 40 20 -70 1 0 10 5 3 200 250 2 2.08781 2.61612 150 1.5
7 400 678 1 0 0 0 0 0 1 0 200 20 90 5 588 678 0 13.1794
9 1100 670 1 0 0 0 0 0 1 0 30 50 0
7 760 480 1 0 0 0 0 0 1 0 220 20 100 5 380 480 0 13.1796
9 1030 120 1 0 0 0 0 0 1 0 30 50 0
7 1150 480 1 0 0 0 0 0 1 0 110 20 180 5 300 480 0 13.18
9 40 470 1 0 0 0 0 0 1 0 30 50 0
7 550 260 1 0 0 0 0 0 1 0 150 20 60 5 200 260 0 13.18
9 1030 260 1 0 0 0 0 0 1 0 30 50 0
