10 1100 670 1 0 0 0 0 0.1 0 30 40 9.40092 9.40092 1 0 0 30 50 0

10 1030 120 1 0 0 0 0 0.1 0 30 40 9.40127 9.40127 1 0 0 30 50 0

10 1100 670 1 0 0 0 0 0.1 0 30 40 2.09517 2.09517 1 0 0 30 50 0

10 1030 120 1 0 0 0 0 0.1 0 30 40 2.09506 2.09507 1 0 0 30 50 0

10 1100 670 1 0 0 0 0 0.1 0 30 40 11.2499 11.2499 1 0 0 30 50 0

10 1030 120 1 0 0 0 0 0.1 0 30 40 11.2499 11.2499 1 0 0 30 50 0

10 1100 670 1 0 0 0 0 0.1 0 30 40 17.101 17.101 1 0 0 30 50 0

10 1030 120 1 0 0 0 0 0.1 0 30 40 17.1009 17.1009 1 0 0 30 50 0

10 1100 670 1 0 0 0 0 0.1 0 30 40 27.0205 27.0205 1 0 0 30 50 0

10 1030 120 1 0 0 0 0 0.1 0 30 40 27.0204 27.0204 1 0 0 30 50 0

10 1100 670 1 0 0 0 0 0.1 0 30 40 29.7808 29.7808 1 0 0 30 50 0

10 1030 120 1 0 0 0 0 0.1 0 30 40 29.7808 29.7808 1 0 0 30 50 0

10 1100 670 1 0 0 0 0 0.1 0 30 40 36.9002 36.9002 1 0 0 30 50 0

10 1030 120 1 0 0 0 0 0.1 0 30 40 36.9005 36.9005 1 0 0 30 50 0

10 1100 670 1 0 0 0 0 0.1 0 30 40 51.6484 51.6484 1 0 0 30 50 0

10 1030 120 1 0 0 0 0 0.1 0 30 40 51.6482 51.6483 1 0 0 30 50 0

10 1100 670 1 0 0 0 0 0.1 0 30 40 52.3252 52.3252 1 0 0 30 50 0

10 1030 120 1 0 0 0 0 0.1 0 30 40 52.3251 52.3251 1 0 0 30 50 0

10 1100 670 1 0 0 0 0 0.1 0 30 40 88.0877 88.0877 1 0 0 30 50 0

10 1030 120 1 0 0 0 0 0.1 0 30 40 88.0876 88.0876 1 0 0 30 50 0

10 1100 670 1 0 0 0 0 0.1 0 30 40 12.0266 12.0266 1 0 0 30 50 0

10 1030 120 1 0 0 0 0 0.1 0 30 40 12.0265 12.0265 1 0 0 30 50 0

10 1100 670 1 0 0 0 0 0.1 0 30 40 49.7348 49.7348 1 0 0 30 50 0

10 1030 120 1 0 0 0 0 0.1 0 30 40 49.7348 49.7348 1 0 0 30 50 0

10 1100 670 1 0 0 0 0 0.1 0 30 40 105.736 105.736 1 0 0 30 50 0

10 1030 120 1 0 0 0 0 0.1 0 30 40 105.736 105.736 1 0 0 30 50 0

10 1100 670 1 0 0 0 0 0.1 0 30 40 10.4542 10.4542 1 0 0 30 50 0

10 1030 120 1 0 0 0 0 0.1 0 30 40 10.4542 10.4542 1 0 0 30 50 0

10 1100 670 1 0 0 0 0 0.1 0 30 40 5.11766 5.11766 1 0 0 30 50 0

10 1030 120 1 0 0 0 0 0.1 0 30 40 5.11754 5.11754 1 0 0 30 50 0

10 1100 670 1 0 0 0 0 0.1 0 30 40 12.3363 12.3363 1 0 0 30 50 0

10 1030 120 1 0 0 0 0 0.1 0 30 40 12.3362 12.3362 1 0 0 30 50 0

10 1100 670 1 0 0 0 0 0.1 0 30 40 42.1249 42.1249 1 0 0 30 50 0

10 1030 120 1 0 0 0 0 0.1 0 30 40 42.1247 42.1247 1 0 0 30 50 0

10 1100 670 1 0 0 0 0 0.1 0 30 40 43.7911 43.7911 1 0 0 30 50 0

10 1030 120 1 0 0 0 0 0.1 0 30 40 43.791 43.791 1 0 0 30 50 0

10 1100 670 1 0 0 0 0 0.1 0 30 40 44.0132 44.0132 1 0 0 30 50 0

10 1030 120 1 0 0 0 0 0.1 0 30 40 44.013 44.013 1 0 0 30 50 0

10 1100 670 1 0 0 0 0 0.1 0 30 40 44.1817 44.1817 1 0 0 30 50 0

10 1030 120 1 0 0 0 0 0.1 0 30 40 44.1816 44.1816 1 0 0 30 50 0

