1 100 634 1 3 40 3 100 0 1 15 0 0.3 5.02733 5.02734 0 1 0
11 472 461.092 0 3 -21.9228 3 100 0 1 15 0 0.3 5.02827 2.38583 0 0 0
5 680 230 1 0 0 0 0 0 1 0 60 50 3 1 
5 800 650 1 0 0 0 0 0 1 0 60 50 3 1 
5 650 450 1 0 0 0 0 0 1 0 60 50 3 1 
6 60 197 1 0 0 0 0 0 1 0 47 55 0 150
4 159.714 204 1 1 40 1 30 0 1 10 3 0 140 200 1 3.00362 5.01686 200
4 894 624 1 1 40 1 30 0 0 10 3 1 950 630 1 3.00425 5.01705 200
4 1029 424 1 1 40 1 30 0 0 10 3 3 1150 430 1 3.00482 5.01722 200
4 79 424 1 1 40 1 30 0 0 10 3 3 100 430 1 3.00558 5.01759 200
2 1228.5 456 1 20.4587 40 20 -70 1 0 10 3 3 1190 180 2 3.00626 3.51285 150 1.5
2 492.847 256 1 20.4587 40 20 -70 1 1 10 3 0 400 250 2 3.00698 3.51357 150 1.5
2 106.214 256 1 -19.5413 40 20 -70 1 0 10 3 1 200 250 2 3.00774 3.51433 150 1.5
2 235.714 256 1 -19.5413 40 20 -70 1 1 10 3 2 300 250 2 2.94201 3.51519 150 1.5
7 400 678 1 0 0 0 0 0 1 0 200 20 90 5 588 678 0 5.00947
7 760 480 1 0 0 0 0 0 1 0 220 20 100 5 380 480 0 5.00989
7 1150 480 1 0 0 0 0 0 1 0 110 20 180 5 300 480 0 5.01032
9 1100 670 1 0 0 0 0 0 1 0 30 50 0
9 1030 120 1 0 0 0 0 0 1 0 30 50 0
9 40 470 1 0 0 0 0 0 1 0 30 50 0
10 566.05 579.722 0 80.1549 6.46946 80 -40 1 1 1 1 2 
