Simao 235 1
1 820.205 634 1 3 40 3 100 0 0 3 235 0.3 3.82485 4.57357 0 0 0
5 650 450 1 0 0 0 0 0 1 0 60 50 3 1 
5 1000 450 1 0 0 0 0 0 1 0 60 50 3 1 
5 680 230 1 0 0 0 0 0 1 0 60 50 3 1 
5 250 450 1 0 0 0 0 0 1 0 60 50 1 1 
7 400 539.625 1 0 -1.52765 0 0 0 1 0 200 20 90 5 588 541.153 1 17.5495
9 1100 670 1 0 0 0 0 0 1 0 30 50 0
7 760 480 1 0 0 0 0 0 1 0 220 20 100 5 380 380 0 17.5495
9 1030 120 1 0 0 0 0 0 1 0 30 50 0
6 60 197 1 0 0 0 0 0 1 0 47 55 0 150
4 451.098 463.625 1 1 40 1 -70 0 1 2 7 2 100 430 1 0.980825 2.47882 200
4 1072 424 1 1 40 1 -70 0 1 10 7 2 1150 430 1 1.34879 2.44629 200
2 527.098 515.625 1 -19.7154 -60.5815 20 -70 1 0 10 5 1 200 250 2 1.3155 1.14771 150 1
2 167.958 476 1 20.4628 40 20 -70 1 1 10 5 2 1190 180 2 1.61405 1.34934 150 1
