Sérginho 0 1
1 475 612 1 3 40 3 100 0 1 15 0 0.3 5.55733 1.01116 0 0 0
1 100 634 1 3 40 3 100 0 1 15 0 0.3 5.55789 4.32663 0 0 0
5 650 450 1 0 0 0 0 0 1 0 60 50 3 1 
5 250 450 1 0 0 0 0 0 1 0 60 50 3 1 
5 1000 450 1 0 0 0 0 0 1 0 60 50 3 1 
5 800 650 1 0 0 0 0 0 1 0 60 50 3 1 
5 680 230 1 0 0 0 0 0 1 0 60 50 3 1 
6 60 197 1 0 0 0 0 0 1 0 47 55 0 150
4 226 424 1 1 40 1 30 0 0 10 7 3 100 430 1 1.50309 2.53843 200
4 1074 424 1 1 40 1 30 0 1 10 7 0 1150 430 1 1.50367 2.53901 200
4 870 624 1 1 40 1 30 0 1 10 7 0 950 630 1 1.50433 2.53968 200
4 60 204 1 1 40 1 30 0 1 10 7 0 140 200 1 1.50493 2.54027 200
2 453.247 193.557 0 20.1083 -31.5476 20 -70 1 1 10 5 2 400 250 2 1.5058 1.03634 150 1.5
2 505.949 199.889 0 20.0877 -37.5598 20 -70 1 1 10 5 2 300 250 2 1.50639 1.01813 150 1.5
2 952.353 399.866 0 20.0877 -37.5396 20 -70 1 1 10 5 2 1190 180 2 1.50695 1.01869 150 1.5
7 400 678 1 0 0 0 0 0 1 0 200 20 90 5 588 678 0 5.53406
7 760 480 1 0 0 0 0 0 1 0 220 20 100 5 380 480 0 5.53417
7 1150 480 1 0 0 0 0 0 1 0 110 20 180 5 300 480 0 5.53434
9 1100 670 1 0 0 0 0 0 1 0 30 50 0
9 1030 120 1 0 0 0 0 0 1 0 30 50 0
9 40 470 1 0 0 0 0 0 1 0 30 50 0
10 545.793 589.873 0 80.0884 -13.4693 80 -40 1 1 1 1 2 
