Talita 0 1
1 370 634 1 3 40 3 100 0 1 15 0 0.3 10.7056 2.01691 0 0 0
1 454 612 1 3 40 3 100 0 1 15 0 0.3 10.706 2.1335 0 0 0
5 800 650 1 0 0 0 0 0 1 0 60 50 3 1 
5 250 450 1 0 0 0 0 0 1 0 60 50 3 1 
5 1000 450 1 0 0 0 0 0 1 0 60 50 3 1 
6 60 197 1 0 0 0 0 0 1 0 47 55 0 150
4 220 424 1 1 40 1 30 0 1 10 7 2 100 430 1 2.6452 4.6806 200
4 790 624 1 1 40 1 30 0 0 10 7 1 950 630 1 2.64552 4.68092 200
4 1074 424 1 1 40 1 30 0 1 10 7 0 1150 430 1 2.64583 4.68123 200
4 335.89 204 1 1 40 1 30 0 0 10 7 1 140 200 1 2.64612 4.68152 200
2 645.913 236 1 -19.5105 40 20 -70 1 1 10 5 0 300 250 2 2.64638 3.15427 150 1.5
2 1151 456 1 -19.5105 40 20 -70 1 0 10 5 1 1090 240 2 2.64672 3.1546 150 1.5
2 304.39 256 1 20.4895 40 20 -70 1 0 10 5 1 200 250 2 2.64705 3.15493 150 1.5
2 614.413 236 1 20.4895 40 20 -70 1 1 10 5 2 400 250 2 2.64755 3.15543 150 1.5
7 400 678 1 0 0 0 0 0 1 0 200 20 90 5 588 678 0 10.701
7 760 480 1 0 0 0 0 0 1 0 220 20 100 5 380 480 0 10.7011
7 1150 480 1 0 0 0 0 0 1 0 110 20 180 5 300 480 0 10.7012
9 1100 670 1 0 0 0 0 0 1 0 30 50 0
9 1030 120 1 0 0 0 0 0 1 0 30 50 0
9 40 470 1 0 0 0 0 0 1 0 30 50 0
7 550 260 1 0 0 0 0 0 1 0 150 20 60 5 200 260 0 10.7013
9 1030 260 1 0 0 0 0 0 1 0 30 50 0
10 490.85 597.332 0 80.0461 -26.1858 80 -40 1 1 1 1 2 
10 370.048 633.976 0 80.0001 -39.9819 80 -40 1 1 1 1 2 
